00000100000000010000001111101000
00000000000000000000000000000000
00000000000000000000000000000000
00000000000000000000000000000000
00000100000000100000000000000000
00000000000000000000000000000000
00000000000000000000000000000000
00000000000000000000000000000000
00001100001000110000000000000000
00000000000000000000000000000000
00000000000000000000000000000000
00000000000000000000000000000000
00000100000001110000000000000000
00000000000000000000000000000000
00000000000000000000000000000000
00000000000000000000000000000000
00000100000001000000000000010011
00000000000000000000000000000000
00000000000000000000000000000000
00000000000000000000000000000000
00010100010001000000000000001001
00000000000000000000000000000000
00000000000000000000000000000000
00000000000000000000000000000000
00001100001001010000000000000000
00000000000000000000000000000000
00000000000000000000000000000000
00000000000000000000000000000000
00000000101000110011000000010000
00000000000000000000000000000000
00000000000000000000000000000000
00000000000000000000000000000000
00010100110000000000000000000001
00000000000000000000000000000000
00000000000000000000000000000000
00000000000000000000000000000000
00011000000000000000000000001100
00000000000000000000000000000000
00000000000000000000000000000000
00000000000000000000000000000000
00000000101000000001100000000001
00000000000000000000000000000000
00000000000000000000000000000000
00000000000000000000000000000000
00000000010000000011100000000001
00000000000000000000000000000000
00000000000000000000000000000000
00000000000000000000000000000000
00000100001000010000000000000100
00000000000000000000000000000000
00000000000000000000000000000000
00000000000000000000000000000000
00000100010000100000000000000001
00000000000000000000000000000000
00000000000000000000000000000000
00000000000000000000000000000000
00011000000000000000000000000101
00000000000000000000000000000000
00000000000000000000000000000000
00000000000000000000000000000000
00010000000000110000011111010000
00000000000000000000000000000000
00000000000000000000000000000000
00000000000000000000000000000000 
00010000000001110000011111010100